1 100
401
1 10
2 2 6 6 20 1744
2 9 2 12 20 1461
2 4 9 22 4 3780
2 4 5 13 2 2681
2 0 3 19 17 2711
2 2 0 22 18 1134
2 0 9 20 19 2601
2 4 6 15 11 177
3 3 9 2 -1
3 2 0 9 31
2 9 8 2 4 4383
3 0 2 6 74
2 3 7 21 13 3542
4 8 2 -1
3 1 9 17 -1
3 1 6 4 -1
3 9 3 4 80
4 3 2 -1
4 3 7 3542
3 7 8 0 -1
4 9 8 4383
3 0 1 22 -1
4 7 1 -1
4 4 2 5241
4 5 0 -1
2 8 6 3 9 4177
4 9 0 2595
4 0 2 4062
2 4 8 22 11 974
3 5 2 6 -1
4 6 7 -1
3 1 0 21 -1
3 6 7 1 -1
4 5 1 -1
2 0 7 7 19 3186
4 7 9 -1
3 3 6 22 -1
3 9 1 11 -1
4 4 1 -1
3 6 0 0 -1
4 3 0 -1
3 1 5 8 -1
2 9 1 22 16 2445
4 1 0 -1
2 6 5 22 16 2251
4 2 1 6180
3 1 5 1 -1
4 6 9 -1
3 3 1 14 -1
3 2 6 14 36
3 3 8 3 -1
4 4 7 9561
4 6 4 -1
3 2 8 8 70
4 6 7 -1
2 5 2 21 1 1380
3 7 0 16 -1
2 0 7 13 11 1742
2 9 5 16 9 966
4 5 3 5225
4 7 6 -1
3 4 0 20 44
4 8 0 8942
3 6 9 8 79
3 5 7 17 55
2 8 2 9 1 2113
4 3 6 -1
3 4 5 3 12
2 3 4 10 4 1197
3 7 8 14 -1
4 8 3 5958
4 0 1 5046
3 4 8 17 13
4 8 5 6108