1 100
501
1
2 79013 2 3
5 2 3
5 2 1
2 17317 2 2
4 17317 3
4 17317 5
4 79013 5
3 79013
6 2 17317
6 2 17317
4 17317 5
3 17317
2 40034 4 2
4 40034 3
4 40034 5
2 13725 5 5
4 13725 2
6 4 40034
4 13725 2
3 13725
5 4 2
3 40034
2 93822 3 2
6 3 93822
2 47162 1 2
4 47162 3
6 1 47162
4 47162 4
4 93822 3
5 3 2
6 3 93822
3 93822
2 82953 1 5
2 21078 2 2
4 82953 4
3 82953
3 47162
3 21078
2 76455 5 4
3 76455
2 8314 3 4
2 80506 3 3
6 3 8314
4 8314 2
6 3 80506
3 8314
4 80506 4
5 3 1
3 80506
2 74842 2 3
5 2 1
4 74842 1
6 2 74842
4 74842 4
4 74842 2
5 2 -4
4 74842 4
4 74842 1
3 74842
2 96919 2 3
6 2 96919
3 96919
2 19756 1 4
4 19756 4
2 33749 2 2
5 1 2
4 19756 5
6 2 33749
4 33749 5
4 33749 1
6 1 19756
2 14647 5 1
2 46615 3 5
3 14647
6 2 33749
6 2 33749
2 33117 5 5
2 86037 5 1
5 2 -1
4 19756 1
6 3 46615
2 18070 1 2
4 19756 3
5 5 -3
2 81372 4 2
6 4 81372
6 5 33117
3 19756
6 5 33117
5 2 0
6 4 81372
3 86037
4 81372 4
6 5 33117
3 81372
2 93765 4 5
2 96052 5 4
6 2 33749
4 33749 2
6 5 96052
6 2 33749
5 3 -4
5 4 3
4 93765 1
3 18070
2 45468 3 3
2 67582 1 3
2 19050 3 2
4 93765 2
2 12817 3 3
6 1 67582
6 3 45468
4 19050 4
2 80004 3 5
4 80004 1
4 33749 4
5 1 -1
3 80004
4 12817 5
2 38499 5 1
4 67582 1
2 42167 5 5
4 67582 3
3 33117
4 93765 3
3 12817
4 45468 1
4 67582 5
6 5 42167
5 5 1
4 33749 4
3 96052
4 93765 3
2 57497 2 2
2 53630 5 3
3 33749
4 19050 1
4 38499 5
2 18316 1 3
2 20870 4 4
2 27029 2 2
2 14182 5 3
5 5 -4
5 3 3
3 14182
4 45468 5
6 5 53630
4 27029 5
2 66072 2 4
4 66072 3
2 60694 4 3
3 20870
3 27029
5 5 -4
6 3 45468
4 19050 5
6 5 53630
3 19050
4 93765 5
3 46615
3 42167
4 93765 1
6 3 45468
6 5 53630
2 54597 4 5
2 96862 1 3
4 93765 1
5 1 -3
5 4 -1
4 93765 2
5 4 2
6 1 67582
4 57497 3
5 4 -2
6 3 45468
4 18316 3
3 57497
5 5 -2
6 2 66072
4 60694 3
4 18316 2
2 43148 4 2
4 96862 4
4 38499 1
4 18316 2
2 73963 3 5
4 66072 4
6 4 60694
3 66072
6 4 60694
5 4 2
3 67582
4 54597 3
6 1 96862
5 1 2
2 60641 2 2
2 37018 4 2
6 1 96862
5 4 -4
5 1 1
4 60694 3
2 18343 3 4
3 53630
6 5 38499
3 43148
3 54597
5 4 0
2 47635 1 3
4 45468 5
3 73963
6 5 38499
5 2 4
5 4 -4
4 18316 3
4 45468 3
4 37018 2
2 28091 2 2
3 96862
6 5 38499
6 2 60641
6 4 37018
5 4 3
3 18316
4 93765 3
4 37018 2
3 45468
4 60641 3
4 28091 4
5 2 4
4 60641 3
4 60641 1
6 4 60694
4 47635 5
4 37018 2
4 60694 4
2 85857 5 2
6 5 85857
4 47635 5
3 93765
2 62117 1 2
4 37018 5
3 47635
3 85857
2 62134 1 5
3 37018
2 95210 1 2
2 55460 5 5
3 95210
4 28091 3
4 18343 3
6 3 18343
3 60694
4 18343 4
2 3141 4 1
6 5 55460
5 3 4
2 10666 1 3
5 3 0
4 18343 5
6 4 3141
4 55460 1
2 78250 5 2
3 55460
4 28091 4
4 62117 4
5 4 4
6 4 3141
6 2 28091
4 62134 2
6 2 28091
3 10666
4 62134 5
4 28091 3
4 62117 4
2 54384 5 2
2 87180 1 5
3 87180
3 18343
4 62117 3
4 62117 2
4 62134 3
6 5 78250
3 62134
4 60641 3
3 60641
2 47316 1 2
2 20988 4 5
4 78250 2
2 52930 3 1
6 2 28091
4 62117 5
3 52930
4 78250 2
6 4 20988
6 1 62117
4 78250 3
6 4 20988
4 3141 2
4 28091 5
6 4 20988
4 20988 2
4 78250 4
4 78250 3
4 62117 5
3 3141
5 4 3
6 1 62117
5 5 -1
3 62117
5 4 -1
2 48813 3 3
4 78250 4
6 2 28091
2 78873 5 5
2 58819 2 4
5 2 3
4 38499 1
6 4 20988
4 28091 3
4 58819 4
6 5 78873
5 1 0
2 72365 3 5
3 58819
3 72365
2 92755 5 4
3 28091
3 78873
4 38499 5
4 20988 2
5 5 3
3 78250
5 1 -2
6 3 48813
2 83492 3 5
4 92755 5
6 5 92755
2 11909 4 2
4 48813 5
2 24279 1 5
4 83492 3
4 24279 4
3 54384
3 24279
6 4 20988
3 11909
5 1 1
4 38499 5
6 3 48813
6 3 48813
2 95373 4 2
2 45296 5 2
5 3 2
2 67343 4 3
6 1 47316
4 47316 4
5 3 4
6 4 67343
4 95373 4
3 48813
3 83492
2 1613 5 1
3 20988
4 95373 5
2 44416 3 4
5 1 2
4 92755 5
5 1 -4
3 92755
4 47316 5
3 45296
6 5 38499
3 44416
2 95315 1 3
3 95373
6 4 67343
4 47316 3
4 38499 5
4 1613 5
3 38499
3 1613
5 4 4
4 47316 4
4 47316 1
3 47316
3 67343
2 48963 3 5
5 1 -3
5 1 1
2 72908 2 5
2 86655 4 1
2 28169 4 5
2 9435 1 1
2 93195 3 5
6 1 95315
5 4 0
3 95315
3 72908
3 9435
5 4 2
4 28169 5
5 3 3
3 28169
2 71324 3 5
4 93195 4
6 4 86655
4 86655 1
2 55177 2 4
6 4 86655
4 93195 4
2 59318 3 1
6 3 71324
6 4 86655
6 3 71324
2 89585 4 5
6 2 55177
4 89585 5
4 86655 4
2 7095 1 1
4 55177 5
2 1186 4 3
2 12190 4 1
5 2 1
4 93195 1
3 59318
3 89585
2 67189 5 3
4 67189 5
4 48963 3
4 67189 5
2 48490 5 1
5 4 4
4 71324 4
3 48963
2 33514 5 5
6 5 67189
5 2 0
6 1 7095
2 74917 4 5
5 2 -2
4 33514 1
3 48490
3 7095
5 4 -4
4 55177 5
5 3 0
4 55177 5
3 93195
4 86655 3
2 61568 3 3
6 2 55177
4 67189 5
3 33514
4 86655 4
2 25365 1 5
4 55177 2
6 2 55177
4 55177 4
6 2 55177
2 61396 2 4
6 4 86655
6 5 67189
2 97697 2 2
6 4 86655
4 86655 3
4 25365 4
6 3 71324
3 74917
6 3 71324
2 14625 1 2
6 4 86655
6 3 71324
3 71324
6 5 67189
2 83266 2 1
3 67189
6 4 86655
4 12190 5
6 3 61568
6 4 12190
6 1 25365
3 61568
6 1 25365
4 55177 4
4 12190 2
4 55177 2
2 36267 4 1
4 36267 1
6 4 86655
2 29617 5 2
6 2 61396
3 83266
4 1186 4
3 12190
6 5 29617
5 1 -4
6 1 25365
6 4 1186
4 25365 4
2 39879 3 1