1
50
0 46
1 30064
1 504436
1 328481
1 148273
1 123338
1 386613
1 67766
1 330921
1 337306
1 14346
1 484859
1 754485
1 199541
1 110416
1 95751
1 852751
1 494618
1 997111
1 734975
1 35073
1 819575
1 296421
1 562072
1 663836
2 1 01026765525 1
4 1 01068239359 4 gtdnebex 1
3 1 01025624868 0 ohsxttobbg 1
4 1 01025624868 4 ivhphymsxwvg 1
4 3 sqhwvf@o.com 1 01005079846 1
4 0 leedlc 3 xakdjrchpbbs@j.com 1
3 0 parkvxvpvd 3 gxuxz@r.com 1
4 1 01021854550 2 19590107 1
3 2 19390625 2 19590717 1
4 3 ptnnmzjgldlur@f.com 1 NULL 0