1 100
32
0 3 5
1 1 11 2 111 222
1 2 22 3 333 444 555
1 3 33 2 555 111
2 5 12345 20 555 2
2 10 54321 15 111 2
2 11 11111 14 222 1
2 14 22222 20 444 1
2 17 33333 8 333 1
4 20 33 0
1 25 11 3 444 333 555
4 26 11 2 54321 11111
4 27 33 2 54321 12345
2 28 32112 8 333 2
2 29 56789 9 444 2
2 30 12215 5 555 3 
3 32 22222
2 34 34219 18 111 2
3 35 12215
4 36 22 3 32112 33333 12345
4 37 22 0
3 40 56789
4 41 11 1 32112
2 47 55555 10 222 1
2 48 77777 13 222 1
2 49 77111 10 555 3
2 51 34577 10 111 2
2 57 88888 4 444 2
2 59 99999 10 111 2
4 61 11 6 88888 77777 34577
4 62 22 2 88888 77111
4 63 33 3 34577 77111 34219