1 100
1600
1
2 4801989 37632 76785 1
2 1330278 75938 83886 2
2 1240736 85299 85824 3
2 9384998 66101 81390 4
2 5672225 46131 71901 5
2 319160747 19742 31487 6
2 7778405 26832 43537 7
2 9201615 50906 68499 8
2 9352937 59436 72709 9
2 132087731 31158 47975 10
2 709411501 1112 1209 11
2 2675287 39426 51323 12
2 4935594 37540 38242 13
2 7616007 61175 82667 14
2 9305953 25388 75037 15
2 928985707 9934 81087 16
2 6893989 10496 33873 17
2 564879 21714 42707 18
4 2479 4 21714
2 666644845 61227 65657 19
2 3395077 59082 86321 20
2 8066927 20986 22451 21
2 6494089 55556 55717 22
2 4210721 42798 44381 23
2 273426716 24854 40396 24
2 9870030 35897 41078 25
2 4264169 79011 83205 26
3 709411501 25
3 4801989 24
2 7730478 78570 78678 25
2 195739741 21819 42409 26
3 7778405 25
2 3011870 32264 40710 26
4 2968 2 10496
2 8393323 39046 49983 27
2 3024782 40424 84150 28
2 387043266 72395 81946 29
2 452461 71943 86265 30
2 7666839 1626 73659 31
2 9916304 67356 78192 32
3 132087731 31
2 8151006 49683 57030 32
2 7015296 26667 51232 33
3 5672225 32
2 8928376 6267 8376 33
2 3477834 29901 62722 34
2 3742348 503 81404 35
2 524990 12425 21798 36
2 2396760 60723 74264 37
3 2675287 36
4 394 12 37540
2 434425452 39166 77020 37
3 7015296 36
2 7052644 17831 71540 37
2 4308566 74777 84958 38
2 5841720 61539 78584 39
2 1886781 40613 71817 40
4 2656 4 10496
3 928985707 39
4 2759 3 10496
2 8401645 76394 81657 40
2 4008343 24538 70331 41
2 9833457 64124 75501 42
2 2486779 18318 19599 43
3 387043266 42
2 1266596 40910 67892 43
2 7417628 46425 50252 44
2 1886781 83649 84765 44
4 2759 7 21819
2 3263954 29389 63978 45
2 4096468 65423 85924 46
3 564879 45
2 4653132 9207 61628 46
4 658 100 -1
2 4753779 41193 71591 47
2 3704246 64944 74558 48
2 7015296 75467 75946 49
2 399362822 9945 69838 50
2 1766462 18563 55974 51
2 6878176 32067 41728 52
2 6768945 59333 61997 53
2 4588807 9207 61628 54
4 658 100 -1
2 6350817 7644 68253 55
2 9213675 19390 22335 56
2 2500166 73584 85006 57
2 9255550 60859 61670 58
3 524990 57
2 4265035 68137 81183 58
2 752261 44776 46257 59
2 928985707 76514 85541 60
2 3059155 10630 74503 61
2 9556173 75360 83417 62
2 9358456 22034 82616 63
2 2690634 27445 67586 64
2 8066927 56007 73477 64
2 9119364 49262 84628 65
3 8928376 64
2 473944 67183 67352 65
2 9201615 82877 85388 65
2 9685323 81433 82079 66
2 7227188 60312 72196 67
2 702233894 40953 70126 68
3 7666839 67
2 7902810 72289 75346 68
2 442524 13199 67788 69
2 48899 59921 77047 70
2 7374717 36784 78793 71
2 1422910 47234 63654 72
2 3273056 27331 73344 73
2 6978802 22781 83210 74
2 3573748 20383 41540 75
2 7217851 22369 75215 76
2 889717 58560 63457 77
2 835919680 67474 73440 78
2 7528503 50861 58715 79
3 7778405 79
2 9129286 47490 47630 80
2 7451176 17443 35240 81
2 9213675 60029 82162 81
2 8031164 55023 81516 82
3 9255550 81
2 9987380 15735 48004 82
4 658 100 -1
3 4653132 81
4 658 100 -1
2 4240684 6703 28188 82
2 7091350 69225 84254 83
2 4096468 61427 73144 83
2 769351626 29597 80642 84
3 319160747 83
2 6577666 40157 83802 84
3 4265035 83
2 7543807 44069 52355 84
2 7853554 29428 80266 85
2 4076276 14191 30404 86
3 6768945 85
2 3816684 21079 46812 86
2 6368670 23353 57862 87
3 6577666 86
2 3875158 3241 8030 87
4 3312 12 17831